16 16
1.0 1.0 1.0 1.0 1.0 1.0 1.0 1.0 1.0 1.0 1.0 1.0 1.0 1.0 1.0 1.0
1.0 1.0 1.0 1.0 1.0 1.0 1.0 1.0 1.0 1.0 1.0 1.0 1.0 1.0 1.0 1.0
1.0 1.0 0.8901960784313725 0.6666666666666666 0.6666666666666666 0.6666666666666666 0.6666666666666666 0.6666666666666666 0.6666666666666666 0.6666666666666666 0.6666666666666666 0.6666666666666666 0.6666666666666666 0.8705882352941177 1.0 1.0
1.0 1.0 0.6666666666666666 0.0 0.0 0.0 0.0 0.0 0.0 0.0 0.0 0.0 0.0 0.611764705882353 1.0 1.0
1.0 1.0 0.6666666666666666 0.0 0.0 0.0 0.0 0.0 0.0 0.0 0.0 0.0 0.0 0.611764705882353 1.0 1.0
1.0 1.0 0.6666666666666666 0.0 0.0 0.44313725490196076 0.6666666666666666 0.6666666666666666 0.6666666666666666 0.6666666666666666 0.47843137254901963 0.0 0.0 0.611764705882353 1.0 1.0
1.0 1.0 0.6666666666666666 0.0 0.0 0.6666666666666666 1.0 1.0 1.0 1.0 0.7215686274509804 0.0 0.0 0.611764705882353 1.0 1.0
1.0 1.0 0.6666666666666666 0.0 0.0 0.6666666666666666 1.0 1.0 1.0 1.0 0.7215686274509804 0.0 0.0 0.611764705882353 1.0 1.0
1.0 1.0 0.6666666666666666 0.0 0.0 0.6666666666666666 1.0 1.0 1.0 1.0 0.7215686274509804 0.0 0.0 0.611764705882353 1.0 1.0
1.0 1.0 0.6666666666666666 0.0 0.0 0.6666666666666666 1.0 1.0 1.0 1.0 0.7215686274509804 0.0 0.0 0.611764705882353 1.0 1.0
1.0 1.0 0.6666666666666666 0.0 0.0 0.47843137254901963 0.7215686274509804 0.7215686274509804 0.7215686274509804 0.7215686274509804 0.5176470588235295 0.0 0.0 0.611764705882353 1.0 1.0
1.0 1.0 0.6666666666666666 0.0 0.0 0.0 0.0 0.0 0.0 0.0 0.0 0.0 0.0 0.611764705882353 1.0 1.0
1.0 1.0 0.6666666666666666 0.0 0.0 0.0 0.0 0.0 0.0 0.0 0.0 0.0 0.0 0.611764705882353 1.0 1.0
1.0 1.0 0.8705882352941177 0.611764705882353 0.611764705882353 0.611764705882353 0.611764705882353 0.611764705882353 0.611764705882353 0.611764705882353 0.611764705882353 0.611764705882353 0.611764705882353 0.8509803921568627 1.0 1.0
1.0 1.0 1.0 1.0 1.0 1.0 1.0 1.0 1.0 1.0 1.0 1.0 1.0 1.0 1.0 1.0
1.0 1.0 1.0 1.0 1.0 1.0 1.0 1.0 1.0 1.0 1.0 1.0 1.0 1.0 1.0 1.0
